0.887178779
0.905753434
1.294705987
0.455901712
0.7734043
0.905753434,	1
1.294705987,	1
1.595502377,	1
0.887178779,	1
0.943254232,	1
0.887178779,	1
0.405319035,	1
0.943254232,	1
0.302355766,	1
0.455901712,	1
0.760445297,	1
0.887178779,	1
0.858358145,	1
0.768808901,	1
1.585783243,	1
0.905753434,	1
0.678052843,	1
0.913063467,	1
0.887178779,	1
0.905753434,	1
0.7734043,	1
-0.088319868,	1
0.733999968,	1
0.887178779,	1
0.905753434,	1
0.768808901,	1
0.858358145,	1
1.585783243,	1
