1, 4
2, 4
3, 4
4, 5
4, 1
4, 2
4, 3
5, 4
6, 7
6, 8
6, 9
6, 10
7, 6
8, 6
9, 6
10, 6
11, 14
12, 14
13, 14
14, 15
14, 11
14, 12
14, 13
15, 14
16, 17
17, 18
18, 19
19, 20
17, 16
18, 17
19, 18
20, 19
21, 24
22, 24
23, 24
24, 25
24, 21
24, 22
24, 23
25, 24
26, 29
27, 29
28, 29
29, 30
29, 26
29, 27
29, 28
30, 29
31, 34
32, 34
33, 34
34, 35
34, 31
34, 32
34, 33
35, 34
36, 39
37, 39
38, 39
39, 40
39, 36
39, 37
39, 38
40, 39
41, 44
42, 44
43, 44
44, 45
44, 41
44, 42
44, 43
45, 44
46, 49
47, 49
48, 49
49, 50
49, 46
49, 47
49, 48
50, 49
51, 52
51, 53
52, 54
52, 55
52, 56
52, 51
53, 51
54, 52
55, 52
56, 52
57, 58
57, 59
58, 60
58, 61
58, 62
58, 57
59, 57
60, 58
61, 58
62, 58
63, 66
64, 66
65, 66
66, 67
66, 63
66, 64
66, 65
67, 66
68, 69
68, 70
69, 71
69, 72
69, 73
69, 68
70, 68
71, 69
72, 69
73, 69
74, 77
75, 77
76, 77
77, 78
77, 74
77, 75
77, 76
78, 77
79, 82
80, 82
81, 82
82, 83
82, 79
82, 80
82, 81
83, 82
84, 85
84, 86
85, 87
85, 88
85, 89
85, 84
86, 84
87, 85
88, 85
89, 85
90, 91
90, 92
91, 93
91, 94
91, 95
91, 90
92, 90
93, 91
94, 91
95, 91
96, 99
97, 99
98, 99
99, 100
99, 96
99, 97
99, 98
100, 99
101, 104
102, 104
103, 104
104, 105
104, 101
104, 102
104, 103
105, 104
106, 109
107, 109
108, 109
109, 110
109, 106
109, 107
109, 108
110, 109
111, 114
112, 114
113, 114
114, 115
114, 111
114, 112
114, 113
115, 114
116, 117
116, 118
117, 119
117, 120
117, 121
117, 116
118, 116
119, 117
120, 117
121, 117
122, 125
123, 125
124, 125
125, 126
125, 122
125, 123
125, 124
126, 125
127, 130
128, 130
129, 130
130, 131
130, 127
130, 128
130, 129
131, 130
132, 135
133, 135
134, 135
135, 136
135, 132
135, 133
135, 134
136, 135
137, 138
137, 139
138, 140
138, 141
138, 142
138, 137
139, 137
140, 138
141, 138
142, 138
143, 144
143, 145
144, 146
144, 147
144, 148
144, 143
145, 143
146, 144
147, 144
148, 144
149, 150
149, 151
150, 152
150, 153
150, 154
150, 149
151, 149
152, 150
153, 150
154, 150
155, 158
156, 158
157, 158
158, 159
158, 155
158, 156
158, 157
159, 158
160, 161
160, 162
161, 163
161, 164
161, 165
161, 160
162, 160
163, 161
164, 161
165, 161
166, 169
167, 169
168, 169
169, 170
169, 166
169, 167
169, 168
170, 169
171, 174
172, 174
173, 174
174, 175
174, 171
174, 172
174, 173
175, 174
176, 177
176, 178
177, 179
177, 180
177, 181
177, 176
178, 176
179, 177
180, 177
181, 177
182, 185
183, 185
184, 185
185, 186
185, 182
185, 183
185, 184
186, 185
187, 188
187, 189
188, 190
188, 191
188, 192
188, 187
189, 187
190, 188
191, 188
192, 188
193, 196
194, 196
195, 196
196, 197
196, 193
196, 194
196, 195
197, 196
198, 201
199, 201
200, 201
201, 202
201, 198
201, 199
201, 200
202, 201
203, 204
204, 205
205, 206
206, 207
204, 203
205, 204
206, 205
207, 206
208, 209
208, 210
209, 211
209, 212
209, 213
209, 208
210, 208
211, 209
212, 209
213, 209
214, 215
214, 216
215, 217
215, 218
215, 219
215, 214
216, 214
217, 215
218, 215
219, 215
220, 223
221, 223
222, 223
223, 224
223, 220
223, 221
223, 222
224, 223
225, 226
225, 227
226, 228
226, 229
226, 230
226, 225
227, 225
228, 226
229, 226
230, 226
231, 234
232, 234
233, 234
234, 235
234, 231
234, 232
234, 233
235, 234
236, 237
236, 238
237, 239
237, 240
237, 241
237, 236
238, 236
239, 237
240, 237
241, 237
242, 243
242, 244
243, 245
243, 246
243, 247
243, 242
244, 242
245, 243
246, 243
247, 243
248, 251
249, 251
250, 251
251, 252
251, 248
251, 249
251, 250
252, 251
253, 254
253, 255
254, 256
254, 257
254, 258
254, 253
255, 253
256, 254
257, 254
258, 254
259, 262
260, 262
261, 262
262, 263
262, 259
262, 260
262, 261
263, 262
264, 267
265, 267
266, 267
267, 268
267, 264
267, 265
267, 266
268, 267
269, 270
269, 271
270, 272
270, 273
270, 274
270, 269
271, 269
272, 270
273, 270
274, 270
275, 278
276, 278
277, 278
278, 279
278, 275
278, 276
278, 277
279, 278
280, 281
280, 282
281, 283
281, 284
281, 285
281, 280
282, 280
283, 281
284, 281
285, 281
286, 287
286, 288
287, 289
287, 290
287, 291
287, 286
288, 286
289, 287
290, 287
291, 287
292, 295
293, 295
294, 295
295, 296
295, 292
295, 293
295, 294
296, 295
297, 298
297, 299
298, 300
298, 301
298, 302
298, 297
299, 297
300, 298
301, 298
302, 298
303, 306
304, 306
305, 306
306, 307
306, 303
306, 304
306, 305
307, 306
308, 309
308, 310
309, 311
309, 312
309, 313
309, 308
310, 308
311, 309
312, 309
313, 309
314, 315
314, 316
315, 317
315, 318
315, 319
315, 314
316, 314
317, 315
318, 315
319, 315
320, 323
321, 323
322, 323
323, 324
323, 320
323, 321
323, 322
324, 323
325, 328
326, 328
327, 328
328, 329
328, 325
328, 326
328, 327
329, 328
330, 333
331, 333
332, 333
333, 334
333, 330
333, 331
333, 332
334, 333
335, 338
336, 338
337, 338
338, 339
338, 335
338, 336
338, 337
339, 338
340, 343
341, 343
342, 343
343, 344
343, 340
343, 341
343, 342
344, 343
345, 348
346, 348
347, 348
348, 349
348, 345
348, 346
348, 347
349, 348
350, 351
350, 352
351, 353
351, 354
351, 355
351, 350
352, 350
353, 351
354, 351
355, 351
356, 357
356, 358
357, 359
357, 360
357, 361
357, 356
358, 356
359, 357
360, 357
361, 357
362, 365
363, 365
364, 365
365, 366
365, 362
365, 363
365, 364
366, 365
367, 368
367, 369
367, 370
367, 371
368, 367
369, 367
370, 367
371, 367
372, 375
373, 375
374, 375
375, 376
375, 372
375, 373
375, 374
376, 375
377, 378
378, 379
379, 380
380, 381
378, 377
379, 378
380, 379
381, 380
382, 383
382, 384
383, 385
383, 386
383, 387
383, 382
384, 382
385, 383
386, 383
387, 383
388, 389
388, 390
389, 391
389, 392
389, 393
389, 388
390, 388
391, 389
392, 389
393, 389
394, 397
395, 397
396, 397
397, 398
397, 394
397, 395
397, 396
398, 397
399, 402
400, 402
401, 402
402, 403
402, 399
402, 400
402, 401
403, 402
404, 405
404, 406
405, 407
405, 408
405, 409
405, 404
406, 404
407, 405
408, 405
409, 405
410, 411
410, 412
411, 413
411, 414
411, 415
411, 410
412, 410
413, 411
414, 411
415, 411
416, 417
416, 418
417, 419
417, 420
417, 421
417, 416
418, 416
419, 417
420, 417
421, 417
422, 425
423, 425
424, 425
425, 426
425, 422
425, 423
425, 424
426, 425
427, 430
428, 430
429, 430
430, 431
430, 427
430, 428
430, 429
431, 430
432, 435
433, 435
434, 435
435, 436
435, 432
435, 433
435, 434
436, 435
437, 438
437, 439
438, 440
438, 441
438, 442
438, 437
439, 437
440, 438
441, 438
442, 438
443, 446
444, 446
445, 446
446, 447
446, 443
446, 444
446, 445
447, 446
448, 451
449, 451
450, 451
451, 452
451, 448
451, 449
451, 450
452, 451
453, 456
454, 456
455, 456
456, 457
456, 453
456, 454
456, 455
457, 456
458, 459
458, 460
459, 461
459, 462
459, 463
459, 458
460, 458
461, 459
462, 459
463, 459
464, 465
464, 466
465, 467
465, 468
465, 469
465, 464
466, 464
467, 465
468, 465
469, 465
470, 473
471, 473
472, 473
473, 474
473, 470
473, 471
473, 472
474, 473
475, 478
476, 478
477, 478
478, 479
478, 475
478, 476
478, 477
479, 478
480, 481
480, 482
481, 483
481, 484
481, 485
481, 480
482, 480
483, 481
484, 481
485, 481
486, 487
486, 488
487, 489
487, 490
487, 491
487, 486
488, 486
489, 487
490, 487
491, 487
492, 495
493, 495
494, 495
495, 496
495, 492
495, 493
495, 494
496, 495
497, 498
497, 499
498, 500
498, 501
498, 502
498, 497
499, 497
500, 498
501, 498
502, 498
503, 504
503, 505
504, 506
504, 507
504, 508
504, 503
505, 503
506, 504
507, 504
508, 504
509, 512
510, 512
511, 512
512, 513
512, 509
512, 510
512, 511
513, 512
514, 515
515, 516
516, 517
517, 518
515, 514
516, 515
517, 516
518, 517
519, 522
520, 522
521, 522
522, 523
522, 519
522, 520
522, 521
523, 522
524, 525
524, 526
525, 527
525, 528
525, 529
525, 524
526, 524
527, 525
528, 525
529, 525
530, 533
531, 533
532, 533
533, 534
533, 530
533, 531
533, 532
534, 533
535, 536
535, 537
536, 538
536, 539
536, 540
536, 535
537, 535
538, 536
539, 536
540, 536
541, 544
542, 544
543, 544
544, 545
544, 541
544, 542
544, 543
545, 544
546, 549
547, 549
548, 549
549, 550
549, 546
549, 547
549, 548
550, 549
551, 552
551, 553
552, 554
552, 555
552, 556
552, 551
553, 551
554, 552
555, 552
556, 552
557, 558
557, 559
558, 560
558, 561
558, 562
558, 557
559, 557
560, 558
561, 558
562, 558
563, 564
563, 565
564, 566
564, 567
564, 568
564, 563
565, 563
566, 564
567, 564
568, 564
569, 572
570, 572
571, 572
572, 573
572, 569
572, 570
572, 571
573, 572
574, 577
575, 577
576, 577
577, 578
577, 574
577, 575
577, 576
578, 577
579, 580
579, 581
580, 582
580, 583
580, 584
580, 579
581, 579
582, 580
583, 580
584, 580
585, 588
586, 588
587, 588
588, 589
588, 585
588, 586
588, 587
589, 588
590, 593
591, 593
592, 593
593, 594
593, 590
593, 591
593, 592
594, 593
595, 596
595, 597
596, 598
596, 599
596, 600
596, 595
597, 595
598, 596
599, 596
600, 596
601, 604
602, 604
603, 604
604, 605
604, 601
604, 602
604, 603
605, 604
606, 609
607, 609
608, 609
609, 610
609, 606
609, 607
609, 608
610, 609
611, 614
612, 614
613, 614
614, 615
614, 611
614, 612
614, 613
615, 614
616, 617
616, 618
617, 619
617, 620
617, 621
617, 616
618, 616
619, 617
620, 617
621, 617
622, 625
623, 625
624, 625
625, 626
625, 622
625, 623
625, 624
626, 625
627, 630
628, 630
629, 630
630, 631
630, 627
630, 628
630, 629
631, 630
632, 635
633, 635
634, 635
635, 636
635, 632
635, 633
635, 634
636, 635
637, 638
638, 639
639, 640
639, 641
638, 637
639, 638
640, 639
641, 639
642, 645
643, 645
644, 645
645, 646
645, 642
645, 643
645, 644
646, 645
647, 650
648, 650
649, 650
650, 651
650, 647
650, 648
650, 649
651, 650
652, 655
653, 655
654, 655
655, 656
655, 652
655, 653
655, 654
656, 655
657, 658
657, 659
658, 660
658, 661
658, 662
658, 657
659, 657
660, 658
661, 658
662, 658
663, 666
664, 666
665, 666
666, 667
666, 663
666, 664
666, 665
667, 666
668, 671
669, 671
670, 671
671, 672
671, 668
671, 669
671, 670
672, 671
673, 674
673, 675
674, 676
674, 677
674, 678
674, 673
675, 673
676, 674
677, 674
678, 674
679, 680
679, 681
680, 682
680, 683
680, 684
680, 679
681, 679
682, 680
683, 680
684, 680
685, 688
686, 688
687, 688
688, 689
688, 685
688, 686
688, 687
689, 688
690, 691
690, 692
691, 693
691, 694
691, 695
691, 690
692, 690
693, 691
694, 691
695, 691
696, 699
697, 699
698, 699
699, 700
699, 696
699, 697
699, 698
700, 699
701, 704
702, 704
703, 704
704, 705
704, 701
704, 702
704, 703
705, 704
706, 709
707, 709
708, 709
709, 710
709, 706
709, 707
709, 708
710, 709
711, 712
711, 713
711, 714
711, 715
715, 716
716, 717
712, 711
713, 711
714, 711
715, 711
716, 715
717, 716
718, 721
719, 721
720, 721
721, 722
721, 718
721, 719
721, 720
722, 721
723, 726
724, 726
725, 726
726, 727
726, 723
726, 724
726, 725
727, 726
728, 729
728, 730
729, 731
729, 732
729, 733
729, 728
730, 728
731, 729
732, 729
733, 729
734, 737
735, 737
736, 737
737, 738
737, 734
737, 735
737, 736
738, 737
739, 740
739, 741
740, 742
740, 743
740, 744
740, 739
741, 739
742, 740
743, 740
744, 740
745, 748
746, 748
747, 748
748, 749
748, 745
748, 746
748, 747
749, 748
750, 751
750, 752
751, 753
751, 754
751, 755
751, 750
752, 750
753, 751
754, 751
755, 751
756, 759
757, 759
758, 759
759, 760
759, 756
759, 757
759, 758
760, 759
761, 762
762, 763
763, 764
764, 765
762, 761
763, 762
764, 763
765, 764
766, 767
766, 768
767, 769
767, 770
767, 771
767, 766
768, 766
769, 767
770, 767
771, 767
772, 773
772, 774
773, 775
773, 776
773, 777
773, 772
774, 772
775, 773
776, 773
777, 773
778, 781
779, 781
780, 781
781, 782
781, 778
781, 779
781, 780
782, 781
783, 784
783, 785
783, 786
783, 787
784, 783
785, 783
786, 783
787, 783
788, 791
789, 791
790, 791
791, 792
791, 788
791, 789
791, 790
792, 791
793, 794
793, 795
794, 796
794, 797
794, 798
794, 793
795, 793
796, 794
797, 794
798, 794
799, 802
800, 802
801, 802
802, 803
802, 799
802, 800
802, 801
803, 802
804, 805
804, 806
805, 807
805, 808
805, 809
805, 804
806, 804
807, 805
808, 805
809, 805
810, 813
811, 813
812, 813
813, 814
813, 810
813, 811
813, 812
814, 813
815, 816
815, 817
816, 818
816, 819
816, 820
816, 815
817, 815
818, 816
819, 816
820, 816
821, 822
821, 823
822, 824
822, 825
822, 826
822, 821
823, 821
824, 822
825, 822
826, 822
827, 828
827, 829
828, 830
828, 831
828, 832
828, 827
829, 827
830, 828
831, 828
832, 828
833, 836
834, 836
835, 836
836, 837
836, 833
836, 834
836, 835
837, 836
838, 839
838, 840
839, 841
839, 842
839, 843
839, 838
840, 838
841, 839
842, 839
843, 839
844, 847
845, 847
846, 847
847, 848
847, 844
847, 845
847, 846
848, 847
849, 852
850, 852
851, 852
852, 853
852, 849
852, 850
852, 851
853, 852
854, 855
854, 856
855, 857
855, 858
855, 859
855, 854
856, 854
857, 855
858, 855
859, 855
860, 861
860, 862
861, 863
861, 864
861, 865
861, 860
862, 860
863, 861
864, 861
865, 861
866, 867
866, 868
867, 869
867, 870
867, 871
867, 866
868, 866
869, 867
870, 867
871, 867
872, 873
872, 874
873, 875
873, 876
873, 877
873, 872
874, 872
875, 873
876, 873
877, 873
878, 879
878, 880
879, 881
879, 882
879, 883
879, 878
880, 878
881, 879
882, 879
883, 879
884, 887
885, 887
886, 887
887, 888
887, 884
887, 885
887, 886
888, 887
889, 890
889, 891
890, 892
890, 893
890, 894
890, 889
891, 889
892, 890
893, 890
894, 890
895, 898
896, 898
897, 898
898, 899
898, 895
898, 896
898, 897
899, 898
900, 903
901, 903
902, 903
903, 904
903, 900
903, 901
903, 902
904, 903
905, 906
905, 907
906, 908
906, 909
906, 910
906, 905
907, 905
908, 906
909, 906
910, 906
911, 914
912, 914
913, 914
914, 915
914, 911
914, 912
914, 913
915, 914
916, 917
916, 918
917, 919
917, 920
917, 921
917, 916
918, 916
919, 917
920, 917
921, 917
922, 925
923, 925
924, 925
925, 926
925, 922
925, 923
925, 924
926, 925
927, 930
928, 930
929, 930
930, 931
930, 927
930, 928
930, 929
931, 930
932, 933
932, 934
933, 935
933, 936
933, 937
933, 932
934, 932
935, 933
936, 933
937, 933
938, 939
938, 940
939, 941
939, 942
939, 943
939, 938
940, 938
941, 939
942, 939
943, 939
944, 945
945, 946
946, 947
947, 948
945, 944
946, 945
947, 946
948, 947
949, 950
950, 951
951, 952
952, 953
950, 949
951, 950
952, 951
953, 952
954, 955
955, 956
956, 957
956, 958
955, 954
956, 955
957, 956
958, 956
959, 960
959, 961
959, 962
959, 963
963, 964
964, 965
960, 959
961, 959
962, 959
963, 959
964, 963
965, 964
966, 967
967, 968
968, 969
969, 970
967, 966
968, 967
969, 968
970, 969
971, 972
971, 973
971, 974
971, 975
972, 971
973, 971
974, 971
975, 971
976, 977
977, 978
978, 979
979, 980
977, 976
978, 977
979, 978
980, 979
981, 982
982, 983
983, 984
984, 985
982, 981
983, 982
984, 983
985, 984
986, 987
986, 988
986, 989
986, 990
987, 986
988, 986
989, 986
990, 986
991, 992
992, 993
993, 994
994, 995
992, 991
993, 992
994, 993
995, 994
996, 997
996, 998
996, 999
996, 1000
997, 996
998, 996
999, 996
1000, 996
1001, 1002
1002, 1003
1003, 1004
1004, 1005
1002, 1001
1003, 1002
1004, 1003
1005, 1004
1006, 1007
1007, 1008
1008, 1009
1009, 1010
1007, 1006
1008, 1007
1009, 1008
1010, 1009
1011, 1012
1012, 1013
1013, 1014
1014, 1015
1012, 1011
1013, 1012
1014, 1013
1015, 1014
1016, 1017
1016, 1018
1016, 1019
1016, 1020
1017, 1016
1018, 1016
1019, 1016
1020, 1016
1021, 1022
1022, 1023
1023, 1024
1024, 1025
1022, 1021
1023, 1022
1024, 1023
1025, 1024
1026, 1027
1027, 1028
1028, 1029
1029, 1030
1027, 1026
1028, 1027
1029, 1028
1030, 1029
1031, 1032
1032, 1033
1033, 1034
1033, 1035
1032, 1031
1033, 1032
1034, 1033
1035, 1033
1036, 1037
1037, 1038
1038, 1039
1039, 1040
1037, 1036
1038, 1037
1039, 1038
1040, 1039
1041, 1042
1042, 1043
1043, 1044
1044, 1045
1042, 1041
1043, 1042
1044, 1043
1045, 1044
1046, 1047
1047, 1048
1048, 1049
1048, 1050
1047, 1046
1048, 1047
1049, 1048
1050, 1048
1051, 1052
1051, 1053
1051, 1054
1051, 1055
1052, 1051
1053, 1051
1054, 1051
1055, 1051
1056, 1057
1057, 1058
1058, 1059
1059, 1060
1057, 1056
1058, 1057
1059, 1058
1060, 1059
1061, 1062
1062, 1063
1063, 1064
1064, 1065
1062, 1061
1063, 1062
1064, 1063
1065, 1064
1066, 1067
1067, 1068
1068, 1069
1069, 1070
1067, 1066
1068, 1067
1069, 1068
1070, 1069
1071, 1072
1072, 1073
1073, 1074
1074, 1075
1072, 1071
1073, 1072
1074, 1073
1075, 1074
1076, 1077
1077, 1078
1078, 1079
1079, 1080
1077, 1076
1078, 1077
1079, 1078
1080, 1079
1081, 1082
1081, 1083
1081, 1084
1081, 1085
1082, 1081
1083, 1081
1084, 1081
1085, 1081
1086, 1087
1087, 1088
1088, 1089
1089, 1090
1087, 1086
1088, 1087
1089, 1088
1090, 1089
1091, 1092
1092, 1093
1093, 1094
1094, 1095
1092, 1091
1093, 1092
1094, 1093
1095, 1094
1096, 1097
1097, 1098
1098, 1099
1099, 1100
1097, 1096
1098, 1097
1099, 1098
1100, 1099
1101, 1102
1101, 1103
1101, 1104
1101, 1105
1102, 1101
1103, 1101
1104, 1101
1105, 1101
1106, 1107
1107, 1108
1108, 1109
1108, 1110
1107, 1106
1108, 1107
1109, 1108
1110, 1108
1111, 1112
1111, 1113
1111, 1114
1111, 1115
1112, 1111
1113, 1111
1114, 1111
1115, 1111
1116, 1117
1117, 1118
1118, 1119
1119, 1120
1117, 1116
1118, 1117
1119, 1118
1120, 1119
1121, 1122
1121, 1123
1121, 1124
1121, 1125
1122, 1121
1123, 1121
1124, 1121
1125, 1121
1126, 1127
1127, 1128
1128, 1129
1129, 1130
1127, 1126
1128, 1127
1129, 1128
1130, 1129
1131, 1132
1132, 1133
1133, 1134
1134, 1135
1132, 1131
1133, 1132
1134, 1133
1135, 1134
1136, 1137
1137, 1138
1138, 1139
1139, 1140
1137, 1136
1138, 1137
1139, 1138
1140, 1139
1141, 1142
1142, 1143
1143, 1144
1144, 1145
1142, 1141
1143, 1142
1144, 1143
1145, 1144
1146, 1147
1147, 1148
1148, 1149
1149, 1150
1147, 1146
1148, 1147
1149, 1148
1150, 1149
1151, 1152
1152, 1153
1153, 1154
1154, 1155
1152, 1151
1153, 1152
1154, 1153
1155, 1154
1156, 1157
1157, 1158
1158, 1159
1159, 1160
1157, 1156
1158, 1157
1159, 1158
1160, 1159
1161, 1162
1162, 1163
1163, 1164
1164, 1165
1162, 1161
1163, 1162
1164, 1163
1165, 1164
1166, 1167
1167, 1168
1168, 1169
1169, 1170
1167, 1166
1168, 1167
1169, 1168
1170, 1169
1171, 1172
1171, 1173
1171, 1174
1171, 1175
1172, 1171
1173, 1171
1174, 1171
1175, 1171
1176, 1177
1177, 1178
1178, 1179
1179, 1180
1177, 1176
1178, 1177
1179, 1178
1180, 1179
1181, 1182
1182, 1183
1183, 1184
1184, 1185
1182, 1181
1183, 1182
1184, 1183
1185, 1184
1186, 1187
1186, 1188
1186, 1189
1186, 1190
1187, 1186
1188, 1186
1189, 1186
1190, 1186
1191, 1192
1192, 1193
1193, 1194
1193, 1195
1192, 1191
1193, 1192
1194, 1193
1195, 1193
1196, 1197
1196, 1198
1196, 1199
1196, 1200
1200, 1201
1201, 1202
1197, 1196
1198, 1196
1199, 1196
1200, 1196
1201, 1200
1202, 1201
1203, 1204
1203, 1205
1203, 1206
1203, 1207
1207, 1208
1208, 1209
1204, 1203
1205, 1203
1206, 1203
1207, 1203
1208, 1207
1209, 1208
1210, 1211
1210, 1212
1210, 1213
1210, 1214
1211, 1210
1212, 1210
1213, 1210
1214, 1210
1215, 1216
1215, 1217
1215, 1218
1215, 1219
1216, 1215
1217, 1215
1218, 1215
1219, 1215
1220, 1221
1221, 1222
1222, 1223
1223, 1224
1221, 1220
1222, 1221
1223, 1222
1224, 1223
1225, 1226
1226, 1227
1227, 1228
1228, 1229
1226, 1225
1227, 1226
1228, 1227
1229, 1228
1230, 1231
1231, 1232
1232, 1233
1233, 1234
1231, 1230
1232, 1231
1233, 1232
1234, 1233
1235, 1236
1236, 1237
1237, 1238
1238, 1239
1236, 1235
1237, 1236
1238, 1237
1239, 1238
1240, 1241
1240, 1242
1240, 1243
1240, 1244
1241, 1240
1242, 1240
1243, 1240
1244, 1240
1245, 1246
1246, 1247
1247, 1248
1248, 1249
1246, 1245
1247, 1246
1248, 1247
1249, 1248
1250, 1251
1251, 1252
1252, 1253
1253, 1254
1251, 1250
1252, 1251
1253, 1252
1254, 1253
1255, 1256
1256, 1257
1257, 1258
1258, 1259
1256, 1255
1257, 1256
1258, 1257
1259, 1258
1260, 1261
1261, 1262
1262, 1263
1263, 1264
1261, 1260
1262, 1261
1263, 1262
1264, 1263
1265, 1266
1265, 1267
1265, 1268
1265, 1269
1266, 1265
1267, 1265
1268, 1265
1269, 1265
1270, 1271
1271, 1272
1272, 1273
1273, 1274
1271, 1270
1272, 1271
1273, 1272
1274, 1273
1275, 1276
1276, 1277
1277, 1278
1278, 1279
1276, 1275
1277, 1276
1278, 1277
1279, 1278
1280, 1281
1281, 1282
1282, 1283
1283, 1284
1281, 1280
1282, 1281
1283, 1282
1284, 1283
1285, 1286
1286, 1287
1287, 1288
1288, 1289
1286, 1285
1287, 1286
1288, 1287
1289, 1288
1290, 1291
1290, 1292
1290, 1293
1290, 1294
1291, 1290
1292, 1290
1293, 1290
1294, 1290
1295, 1296
1296, 1297
1297, 1298
1298, 1299
1296, 1295
1297, 1296
1298, 1297
1299, 1298
1300, 1301
1300, 1302
1300, 1303
1300, 1304
1301, 1300
1302, 1300
1303, 1300
1304, 1300
1305, 1306
1306, 1307
1307, 1308
1308, 1309
1306, 1305
1307, 1306
1308, 1307
1309, 1308
1310, 1311
1311, 1312
1312, 1313
1313, 1314
1311, 1310
1312, 1311
1313, 1312
1314, 1313
1315, 1316
1316, 1317
1317, 1318
1318, 1319
1316, 1315
1317, 1316
1318, 1317
1319, 1318
1320, 1321
1321, 1322
1322, 1323
1323, 1324
1321, 1320
1322, 1321
1323, 1322
1324, 1323
1325, 1326
1326, 1327
1327, 1328
1328, 1329
1326, 1325
1327, 1326
1328, 1327
1329, 1328
1330, 1331
1330, 1332
1330, 1333
1330, 1334
1331, 1330
1332, 1330
1333, 1330
1334, 1330
1335, 1336
1336, 1337
1337, 1338
1338, 1339
1336, 1335
1337, 1336
1338, 1337
1339, 1338
1340, 1341
1341, 1342
1342, 1343
1343, 1344
1341, 1340
1342, 1341
1343, 1342
1344, 1343
1345, 1346
1346, 1347
1347, 1348
1348, 1349
1346, 1345
1347, 1346
1348, 1347
1349, 1348
1350, 1351
1351, 1352
1352, 1353
1353, 1354
1351, 1350
1352, 1351
1353, 1352
1354, 1353
1355, 1356
1356, 1357
1357, 1358
1358, 1359
1356, 1355
1357, 1356
1358, 1357
1359, 1358
1360, 1361
1361, 1362
1362, 1363
1363, 1364
1361, 1360
1362, 1361
1363, 1362
1364, 1363
1365, 1366
1366, 1367
1367, 1368
1368, 1369
1366, 1365
1367, 1366
1368, 1367
1369, 1368
1370, 1371
1371, 1372
1372, 1373
1373, 1374
1371, 1370
1372, 1371
1373, 1372
1374, 1373
1375, 1376
1376, 1377
1377, 1378
1378, 1379
1376, 1375
1377, 1376
1378, 1377
1379, 1378
1380, 1381
1380, 1382
1380, 1383
1380, 1384
1381, 1380
1382, 1380
1383, 1380
1384, 1380
1385, 1386
1385, 1387
1385, 1388
1385, 1389
1386, 1385
1387, 1385
1388, 1385
1389, 1385
1390, 1391
1390, 1392
1390, 1393
1390, 1394
1391, 1390
1392, 1390
1393, 1390
1394, 1390
1395, 1396
1395, 1397
1395, 1398
1395, 1399
1396, 1395
1397, 1395
1398, 1395
1399, 1395
1400, 1401
1400, 1402
1400, 1403
1400, 1404
1401, 1400
1402, 1400
1403, 1400
1404, 1400
1405, 1406
1406, 1407
1407, 1408
1408, 1409
1406, 1405
1407, 1406
1408, 1407
1409, 1408
1410, 1411
1411, 1412
1412, 1413
1413, 1414
1411, 1410
1412, 1411
1413, 1412
1414, 1413
1415, 1416
1416, 1417
1417, 1418
1418, 1419
1416, 1415
1417, 1416
1418, 1417
1419, 1418
1420, 1421
1420, 1422
1420, 1423
1420, 1424
1421, 1420
1422, 1420
1423, 1420
1424, 1420
1425, 1426
1426, 1427
1427, 1428
1428, 1429
1426, 1425
1427, 1426
1428, 1427
1429, 1428
1430, 1431
1431, 1432
1432, 1433
1433, 1434
1431, 1430
1432, 1431
1433, 1432
1434, 1433
1435, 1436
1436, 1437
1437, 1438
1438, 1439
1436, 1435
1437, 1436
1438, 1437
1439, 1438
1440, 1441
1441, 1442
1442, 1443
1443, 1444
1441, 1440
1442, 1441
1443, 1442
1444, 1443
1445, 1446
1446, 1447
1447, 1448
1448, 1449
1446, 1445
1447, 1446
1448, 1447
1449, 1448
1450, 1451
1451, 1452
1452, 1453
1453, 1454
1451, 1450
1452, 1451
1453, 1452
1454, 1453
1455, 1456
1456, 1457
1457, 1458
1458, 1459
1456, 1455
1457, 1456
1458, 1457
1459, 1458
1460, 1461
1461, 1462
1462, 1463
1463, 1464
1461, 1460
1462, 1461
1463, 1462
1464, 1463
1465, 1466
1466, 1467
1467, 1468
1468, 1469
1466, 1465
1467, 1466
1468, 1467
1469, 1468
1470, 1471
1471, 1472
1472, 1473
1473, 1474
1471, 1470
1472, 1471
1473, 1472
1474, 1473
1475, 1476
1475, 1477
1475, 1478
1475, 1479
1476, 1475
1477, 1475
1478, 1475
1479, 1475
1480, 1481
1481, 1482
1482, 1483
1483, 1484
1481, 1480
1482, 1481
1483, 1482
1484, 1483
1485, 1486
1486, 1487
1487, 1488
1488, 1489
1486, 1485
1487, 1486
1488, 1487
1489, 1488
1490, 1491
1491, 1492
1492, 1493
1493, 1494
1491, 1490
1492, 1491
1493, 1492
1494, 1493
1495, 1496
1496, 1497
1497, 1498
1498, 1499
1496, 1495
1497, 1496
1498, 1497
1499, 1498
1500, 1501
1500, 1502
1500, 1503
1500, 1504
1501, 1500
1502, 1500
1503, 1500
1504, 1500
1505, 1506
1506, 1507
1507, 1508
1508, 1509
1506, 1505
1507, 1506
1508, 1507
1509, 1508
1510, 1511
1511, 1512
1512, 1513
1513, 1514
1511, 1510
1512, 1511
1513, 1512
1514, 1513
1515, 1516
1516, 1517
1517, 1518
1518, 1519
1516, 1515
1517, 1516
1518, 1517
1519, 1518
1520, 1521
1520, 1522
1520, 1523
1520, 1524
1521, 1520
1522, 1520
1523, 1520
1524, 1520
1525, 1526
1526, 1527
1527, 1528
1528, 1529
1526, 1525
1527, 1526
1528, 1527
1529, 1528
1530, 1531
1531, 1532
1532, 1533
1532, 1534
1531, 1530
1532, 1531
1533, 1532
1534, 1532
1535, 1536
1535, 1537
1535, 1538
1535, 1539
1539, 1540
1540, 1541
1536, 1535
1537, 1535
1538, 1535
1539, 1535
1540, 1539
1541, 1540
1542, 1543
1543, 1544
1544, 1545
1545, 1546
1543, 1542
1544, 1543
1545, 1544
1546, 1545
1547, 1548
1548, 1549
1549, 1550
1550, 1551
1548, 1547
1549, 1548
1550, 1549
1551, 1550
1552, 1553
1553, 1554
1554, 1555
1554, 1556
1553, 1552
1554, 1553
1555, 1554
1556, 1554
1557, 1558
1557, 1559
1557, 1560
1557, 1561
1558, 1557
1559, 1557
1560, 1557
1561, 1557
1562, 1563
1563, 1564
1564, 1565
1565, 1566
1563, 1562
1564, 1563
1565, 1564
1566, 1565
1567, 1568
1568, 1569
1569, 1570
1570, 1571
1568, 1567
1569, 1568
1570, 1569
1571, 1570
1572, 1573
1573, 1574
1574, 1575
1575, 1576
1573, 1572
1574, 1573
1575, 1574
1576, 1575
1577, 1578
1578, 1579
1579, 1580
1579, 1581
1578, 1577
1579, 1578
1580, 1579
1581, 1579
1582, 1583
1582, 1584
1582, 1585
1582, 1586
1583, 1582
1584, 1582
1585, 1582
1586, 1582
1587, 1588
1587, 1589
1587, 1590
1587, 1591
1591, 1592
1592, 1593
1588, 1587
1589, 1587
1590, 1587
1591, 1587
1592, 1591
1593, 1592
1594, 1595
1595, 1596
1596, 1597
1597, 1598
1595, 1594
1596, 1595
1597, 1596
1598, 1597
1599, 1600
1600, 1601
1601, 1602
1602, 1603
1600, 1599
1601, 1600
1602, 1601
1603, 1602
1604, 1605
1604, 1606
1604, 1607
1604, 1608
1605, 1604
1606, 1604
1607, 1604
1608, 1604
1609, 1610
1609, 1611
1609, 1612
1609, 1613
1610, 1609
1611, 1609
1612, 1609
1613, 1609
1614, 1615
1614, 1616
1614, 1617
1614, 1618
1615, 1614
1616, 1614
1617, 1614
1618, 1614
1619, 1620
1620, 1621
1621, 1622
1622, 1623
1620, 1619
1621, 1620
1622, 1621
1623, 1622
1624, 1625
1625, 1626
1626, 1627
1627, 1628
1625, 1624
1626, 1625
1627, 1626
1628, 1627
1629, 1630
1630, 1631
1631, 1632
1631, 1633
1630, 1629
1631, 1630
1632, 1631
1633, 1631
1634, 1635
1634, 1636
1634, 1637
1634, 1638
1638, 1639
1639, 1640
1635, 1634
1636, 1634
1637, 1634
1638, 1634
1639, 1638
1640, 1639
1641, 1642
1642, 1643
1643, 1644
1643, 1645
1642, 1641
1643, 1642
1644, 1643
1645, 1643
1646, 1647
1647, 1648
1648, 1649
1649, 1650
1647, 1646
1648, 1647
1649, 1648
1650, 1649
1651, 1652
1651, 1653
1651, 1654
1651, 1655
1652, 1651
1653, 1651
1654, 1651
1655, 1651
1656, 1657
1657, 1658
1658, 1659
1659, 1660
1657, 1656
1658, 1657
1659, 1658
1660, 1659
1661, 1662
1661, 1663
1661, 1664
1661, 1665
1665, 1666
1666, 1667
1662, 1661
1663, 1661
1664, 1661
1665, 1661
1666, 1665
1667, 1666
1668, 1669
1669, 1670
1670, 1671
1671, 1672
1669, 1668
1670, 1669
1671, 1670
1672, 1671
1673, 1674
1674, 1675
1675, 1676
1676, 1677
1674, 1673
1675, 1674
1676, 1675
1677, 1676
1678, 1679
1679, 1680
1680, 1681
1681, 1682
1679, 1678
1680, 1679
1681, 1680
1682, 1681
1683, 1684
1684, 1685
1685, 1686
1686, 1687
1684, 1683
1685, 1684
1686, 1685
1687, 1686
1688, 1689
1689, 1690
1690, 1691
1690, 1692
1689, 1688
1690, 1689
1691, 1690
1692, 1690
1693, 1694
1694, 1695
1695, 1696
1696, 1697
1694, 1693
1695, 1694
1696, 1695
1697, 1696
1698, 1699
1699, 1700
1700, 1701
1701, 1702
1699, 1698
1700, 1699
1701, 1700
1702, 1701
1703, 1704
1704, 1705
1705, 1706
1706, 1707
1704, 1703
1705, 1704
1706, 1705
1707, 1706
1708, 1709
1709, 1710
1710, 1711
1711, 1712
1709, 1708
1710, 1709
1711, 1710
1712, 1711
1713, 1714
1714, 1715
1715, 1716
1716, 1717
1714, 1713
1715, 1714
1716, 1715
1717, 1716
1718, 1719
1719, 1720
1720, 1721
1721, 1722
1719, 1718
1720, 1719
1721, 1720
1722, 1721
1723, 1724
1724, 1725
1725, 1726
1726, 1727
1724, 1723
1725, 1724
1726, 1725
1727, 1726
1728, 1729
1729, 1730
1730, 1731
1731, 1732
1729, 1728
1730, 1729
1731, 1730
1732, 1731
1733, 1734
1734, 1735
1735, 1736
1735, 1737
1734, 1733
1735, 1734
1736, 1735
1737, 1735
1738, 1739
1738, 1740
1738, 1741
1738, 1742
1739, 1738
1740, 1738
1741, 1738
1742, 1738
1743, 1744
1743, 1745
1743, 1746
1743, 1747
1744, 1743
1745, 1743
1746, 1743
1747, 1743
1748, 1749
1749, 1750
1750, 1751
1751, 1752
1749, 1748
1750, 1749
1751, 1750
1752, 1751
1753, 1754
1754, 1755
1755, 1756
1756, 1757
1754, 1753
1755, 1754
1756, 1755
1757, 1756
1758, 1759
1759, 1760
1760, 1761
1761, 1762
1759, 1758
1760, 1759
1761, 1760
1762, 1761
1763, 1764
1763, 1765
1763, 1766
1763, 1767
1764, 1763
1765, 1763
1766, 1763
1767, 1763
1768, 1769
1769, 1770
1770, 1771
1771, 1772
1769, 1768
1770, 1769
1771, 1770
1772, 1771
1773, 1774
1774, 1775
1775, 1776
1776, 1777
1774, 1773
1775, 1774
1776, 1775
1777, 1776
1778, 1779
1779, 1780
1780, 1781
1781, 1782
1779, 1778
1780, 1779
1781, 1780
1782, 1781
1783, 1784
1784, 1785
1785, 1786
1786, 1787
1784, 1783
1785, 1784
1786, 1785
1787, 1786
1788, 1789
1789, 1790
1790, 1791
1791, 1792
1789, 1788
1790, 1789
1791, 1790
1792, 1791
1793, 1794
1794, 1795
1795, 1796
1796, 1797
1794, 1793
1795, 1794
1796, 1795
1797, 1796
1798, 1799
1798, 1800
1798, 1801
1798, 1802
1799, 1798
1800, 1798
1801, 1798
1802, 1798
1803, 1804
1804, 1805
1805, 1806
1806, 1807
1804, 1803
1805, 1804
1806, 1805
1807, 1806
